1 16
1 16

1 1 0.030864 0.7 2.0 20.0 20.0 32.0

1 1 1 304.0
10.0 8.0 14.0 0.0

2 1 1 200
6.0 3.0 30.0 0.0

3 1 1 20.0
7.0 4.0 2.0 0.0

4 1 1 30.0
5.0 4.0 2.0 0.0

5 1 1 102.0
6.0 2.0 32.0 0.0

6 1 1 76.0
10.0 9.0 7.0 0.0

7 1 1 90.0
5.0 5.0 5.0 0.0

8 1 1 13.7
5.0 5.0 2.0 0.0

9 1 1 98.0
5.0 4.0 7.0 0.0

10 1 1 102.0
6.0 2.0 32.0 0.0

11 1 1 150.0
10.0 6.0 8.0 0.0

12 1 1 38.0
8.0 6.0 7.0 0.0

13 1 1 110.0
5.0 5.0 5.0 0.0

14 1 1 60.0
7.0 7.0 3.0 0.0

15 1 1 100.0
4.0 4.0 12.0 0.0

16 1 1 78.6
7.0 7.0 4.0 0.0



41 69 84 81 37 49 40 64 81 61 63 74 57 83 46 39