1 20
1 20

1 1 0.030864 0.7 2.0 20.0 20.0 32.0

1 1 1 76.5
13 13 8 0

2 1 1 30
7 5 2 0

3 1 1 150
10 6 8 0

4 1 1 45
7 7 2 0

5 1 1 50
11 3 4 0

6 1 1 340
8 8 8 0

7 1 1 304
10 8 14 0

8 1 1 15
6 3 1 0

9 1 1 50
8 3 4 0

10 1 1 50
11 3 4 0

11 1 1 30
10 4 1 0

12 1 1 200
6 3 32 0

13 1 1 50 
8 3 4 0

14 1 1 21.7
8 8 5 0

15 1 1 150
10 6 8 0

16 1 1 30
5 4 2 0

17 1 1 340
8 8 8 0

18 1 1 9.6
6 6 4 0

19 1 1 60
7 7 3 0

20 1 1 38
5 4 7 0


27 18 42 25 73 67 70 58 36 22 72 13 59 65 10 67 44 39 23 50