1 20
1 20

1 1 0.030864 0.7 2.0 20.0 20.0 32.0

1 1 1 76.5
13 13 8 0

2 1 1 150
10 6 8 0

3 1 1 45
7 7 2 0

4 1 1 50
11 3 4 0

5 1 1 100
5 4 5 0

6 1 1 340
8 8 8 0

7 1 1 304
10 8 14 0

8 1 1 15
6 3 1 0

9 1 1 76.5
13 13 8 0

10 1 1 50
11 3 4 0

11 1 1 30
10 4 1 0

12 1 1 200
6 3 32 0

13 1 1 110
6 5 5 0

14 1 1 21.7
8 8 5 0

15 1 1 304
10 8 14 0

16 1 1 30
5 4 2 0

17 1 1 340
8 8 8 0

18 1 1 9.6
6 6 4 0

19 1 1 60
7 7 3 0

20 1 1 90
5 5 5 0


29 84 20 44 27 75 69 72 60 38 24 74 15 61 67 12 69 46 41 87